# name: debug
# type: sparse matrix
# nnz: 36
# rows: 6
# columns: 6

1 1 227276.102
2 1 -1031.5367
3 1 20067.9908
4 1 1.02312535
5 1 -12513.5867
6 1 -652.748895
1 2 -1031.5367
2 2 235678.12
3 2 5908.4099
4 2 12513.3732
5 2 2.43383698
6 2 964.037752
1 3 20067.9908
2 3 5908.4099
3 3 11227.5311
4 3 652.816029
5 3 -963.265742
6 3 -0.00998646547
1 4 1.02312535
2 4 12513.3732
3 4 652.816029
4 4 822.959907
5 4 1181.14704
6 4 119.985094
1 5 -12513.5867
2 5 2.43383698
3 5 -963.265742
4 5 1181.14704
5 5 901.115141
6 5 -32.9327112
1 6 -652.748895
2 6 964.037752
3 6 -0.00998646547
4 6 119.985094
5 6 -32.9327112
6 6 45.1035272
