# name: debug
# type: sparse matrix
# nnz: 36
# rows: 6
# columns: 6

1 1 117891.174
2 1 -1058.70198
3 1 4014.03079
4 1 -0.267607262
5 1 -5131.39983
6 1 -479.208851
1 2 -1058.70198
2 2 121008.608
3 2 8898.20164
4 2 5133.04386
5 2 -0.391737201
6 2 31.4791467
1 3 4014.03079
2 3 8898.20164
3 3 5532.51373
4 3 479.689622
5 3 -31.897476
6 3 -0.113235482
1 4 -0.267607262
2 4 5133.04386
3 4 479.689622
4 4 314.716555
5 4 10.9702227
6 4 -8.07305759
1 5 -5131.39983
2 5 -0.391737201
3 5 -31.897476
4 5 10.9702227
5 5 180.764658
6 5 -2.9618118
1 6 -479.208851
2 6 31.4791467
3 6 -0.113235482
4 6 -8.07305759
5 6 -2.9618118
6 6 -5.15702833
