[LEFT_CAM_2K]
cx=1160.93
cy=658.17
fx=1399.62
fy=1399.62
k1=-0.171614
k2=0.0276637

[LEFT_CAM_FHD]
cx=1016.93
cy=577.17
fx=1399.62
fy=1399.62
k1=-0.171614
k2=0.0276637

[LEFT_CAM_HD]
cx=666.966
cy=377.085
fx=699.809
fy=699.809
k1=-0.171614
k2=0.0276637

[LEFT_CAM_VGA]
cx=348.483
cy=195.542
fx=349.905
fy=349.905
k1=-0.171614
k2=0.0276637

[RIGHT_CAM_2K]
cx=1171.84
cy=690.179
fx=1400.65
fy=1400.65
k1=-0.169515
k2=0.0259193

[RIGHT_CAM_FHD]
cx=1027.84
cy=609.179
fx=1400.65
fy=1400.65
k1=-0.169515
k2=0.0259193

[RIGHT_CAM_HD]
cx=672.421
cy=393.089
fx=700.327
fy=700.327
k1=-0.169515
k2=0.0259193

[RIGHT_CAM_VGA]
cx=351.21
cy=203.545
fx=350.164
fy=350.164
k1=-0.169515
k2=0.0259193

[STEREO]
BaseLine=120.022
CV_2K=0.0119049
CV_FHD=0.0119049
CV_HD=0.0119049
CV_VGA=0.0119049
RX_2K=0.00536408
RX_FHD=0.00536408
RX_HD=0.00536408
RX_VGA=0.00536408
RZ_2K=-0.00103391
RZ_FHD=-0.00103391
RZ_HD=-0.00103391
RZ_VGA=-0.00103391
