[LEFT_CAM_2K]
cx=1161.03
cy=654.097
fx=1400.28
fy=1400.28
k1=-0.172165
k2=0.0280088

[LEFT_CAM_FHD]
cx=1017.03
cy=573.097
fx=1400.28
fy=1400.28
k1=-0.172165
k2=0.0280088

[LEFT_CAM_HD]
cx=667.017
cy=375.049
fx=700.14
fy=700.14
k1=-0.172165
k2=0.0280088

[LEFT_CAM_VGA]
cx=348.508
cy=194.524
fx=350.07
fy=350.07
k1=-0.172165
k2=0.0280088

[RIGHT_CAM_2K]
cx=1167.85
cy=688.356
fx=1401.39
fy=1401.39
k1=-0.170037
k2=0.0262389

[RIGHT_CAM_FHD]
cx=1023.85
cy=607.356
fx=1401.39
fy=1401.39
k1=-0.170037
k2=0.0262389

[RIGHT_CAM_HD]
cx=670.424
cy=392.178
fx=700.695
fy=700.695
k1=-0.170037
k2=0.0262389

[RIGHT_CAM_VGA]
cx=350.212
cy=203.089
fx=350.347
fy=350.347
k1=-0.170037
k2=0.0262389

[STEREO]
BaseLine=120.014
CV_2K=0.0140368
CV_FHD=0.0140368
CV_HD=0.0140368
CV_VGA=0.0140368
RX_2K=0.00697643
RX_FHD=0.00697643
RX_HD=0.00697643
RX_VGA=0.00697643
RZ_2K=-0.0012506
RZ_FHD=-0.0012506
RZ_HD=-0.0012506
RZ_VGA=-0.0012506
