# name: debug
# type: sparse matrix
# nnz: 36
# rows: 6
# columns: 6

1 1 132468.228
2 1 -324.95847
3 1 1948.72014
4 1 -0.484498946
5 1 -6149.3158
6 1 -622.10173
1 2 -324.95847
2 2 134923.715
3 2 10487.6293
4 2 6142.64735
5 2 0.370480783
6 2 150.534878
1 3 1948.72014
2 3 10487.6293
3 3 5425.04151
4 3 621.116954
5 3 -152.480494
6 3 -0.232333092
1 4 -0.484498946
2 4 6142.64735
3 4 621.116954
4 4 20.6093887
5 4 -115.973672
6 4 -111.505384
1 5 -6149.3158
2 5 0.370480783
3 5 -152.480494
4 5 -115.973672
5 5 542.794007
6 5 64.6658774
1 6 -622.10173
2 6 150.534878
3 6 -0.232333092
4 6 -111.505384
5 6 64.6658774
6 6 -6.11926118
